10
3
10
0 837 1343 | 1 321 1404 | 2 747 701 |  #  # 3 948 1080 |  #  # 4 365 630 | 5 716 459 |  #  # 6 1047 155 |  #  # 
0 1035 1683 | 1 681 827 | 2 1140 1401 |  #  # 3 458 4 |  #  # 4 669 119 | 5 1316 1573 |  #  # 6 150 44 |  #  # 
0 570 1467 | 1 474 718 | 2 1381 964 |  #  # 3 1296 1345 |  #  # 4 682 463 | 5 942 508 |  #  # 6 922 77 |  #  # 
0 1696 1528 | 1 665 479 | 2 668 212 |  #  # 3 1021 173 |  #  # 4 945 332 | 5 935 1705 |  #  # 6 1292 1349 |  #  # 
0 895 1438 | 1 190 216 | 2 917 491 |  #  # 3 1630 848 |  #  # 4 793 165 | 5 752 1569 |  #  # 6 1240 754 |  #  # 
0 1142 218 | 1 198 1025 | 2 312 1511 |  #  # 3 542 1307 |  #  # 4 562 1352 | 5 1101 1034 |  #  # 6 1209 977 |  #  # 
0 1223 1495 | 1 1093 985 | 2 286 609 |  #  # 3 1280 1157 |  #  # 4 774 122 | 5 1317 80 |  #  # 6 224 141 |  #  # 
0 254 336 | 1 75 903 | 2 276 1410 |  #  # 3 1164 1092 |  #  # 4 635 1056 | 5 1605 1584 |  #  # 6 507 260 |  #  # 
0 44 965 | 1 841 1180 | 2 142 79 |  #  # 3 1197 776 |  #  # 4 1237 1307 | 5 609 384 |  #  # 6 853 1671 |  #  # 
0 1612 350 | 1 269 1223 | 2 1363 534 |  #  # 3 1021 1672 |  #  # 4 1328 483 | 5 248 468 |  #  # 6 636 316 |  #  # 
